   3.4623660e+01   7.8024693e+01   0.0000000e+00
   3.0286711e+01   4.3894998e+01   0.0000000e+00
   3.5847409e+01   7.2902198e+01   0.0000000e+00
   6.0182599e+01   8.6308552e+01   1.0000000e+00
   7.9032736e+01   7.5344376e+01   1.0000000e+00
   4.5083277e+01   5.6316372e+01   0.0000000e+00
   6.1106665e+01   9.6511426e+01   1.0000000e+00
   7.5024746e+01   4.6554014e+01   1.0000000e+00
   7.6098787e+01   8.7420570e+01   1.0000000e+00
   8.4432820e+01   4.3533393e+01   1.0000000e+00
   9.5861555e+01   3.8225278e+01   0.0000000e+00
   7.5013658e+01   3.0603263e+01   0.0000000e+00
   8.2307053e+01   7.6481963e+01   1.0000000e+00
   6.9364589e+01   9.7718692e+01   1.0000000e+00
   3.9538339e+01   7.6036811e+01   0.0000000e+00
   5.3971052e+01   8.9207350e+01   1.0000000e+00
   6.9070144e+01   5.2740470e+01   1.0000000e+00
   6.7946855e+01   4.6678574e+01   0.0000000e+00
   7.0661510e+01   9.2927138e+01   1.0000000e+00
   7.6978784e+01   4.7575964e+01   1.0000000e+00
   6.7372028e+01   4.2838438e+01   0.0000000e+00
   8.9676776e+01   6.5799366e+01   1.0000000e+00
   5.0534788e+01   4.8855812e+01   0.0000000e+00
   3.4212061e+01   4.4209529e+01   0.0000000e+00
   7.7924091e+01   6.8972360e+01   1.0000000e+00
   6.2271014e+01   6.9954458e+01   1.0000000e+00
   8.0190181e+01   4.4821629e+01   1.0000000e+00
   9.3114389e+01   3.8800670e+01   0.0000000e+00
   6.1830206e+01   5.0256108e+01   0.0000000e+00
   3.8785804e+01   6.4995681e+01   0.0000000e+00
   6.1379289e+01   7.2807887e+01   1.0000000e+00
   8.5404519e+01   5.7051984e+01   1.0000000e+00
   5.2107980e+01   6.3127624e+01   0.0000000e+00
   5.2045405e+01   6.9432860e+01   1.0000000e+00
   4.0236894e+01   7.1167748e+01   0.0000000e+00
   5.4635106e+01   5.2213886e+01   0.0000000e+00
   3.3915500e+01   9.8869436e+01   0.0000000e+00
   6.4176989e+01   8.0908061e+01   1.0000000e+00
   7.4789253e+01   4.1573415e+01   0.0000000e+00
   3.4183640e+01   7.5237720e+01   0.0000000e+00
   8.3902394e+01   5.6308046e+01   1.0000000e+00
   5.1547720e+01   4.6856290e+01   0.0000000e+00
   9.4443368e+01   6.5568922e+01   1.0000000e+00
   8.2368754e+01   4.0618255e+01   0.0000000e+00
   5.1047752e+01   4.5822701e+01   0.0000000e+00
   6.2222676e+01   5.2060992e+01   0.0000000e+00
   7.7193035e+01   7.0458200e+01   1.0000000e+00
   9.7771599e+01   8.6727822e+01   1.0000000e+00
   6.2073064e+01   9.6768824e+01   1.0000000e+00
   9.1564974e+01   8.8696293e+01   1.0000000e+00
   7.9944818e+01   7.4163119e+01   1.0000000e+00
   9.9272527e+01   6.0999031e+01   1.0000000e+00
   9.0546714e+01   4.3390602e+01   1.0000000e+00
   3.4524514e+01   6.0396342e+01   0.0000000e+00
   5.0286496e+01   4.9804539e+01   0.0000000e+00
   4.9586677e+01   5.9808951e+01   0.0000000e+00
   9.7645634e+01   6.8861573e+01   1.0000000e+00
   3.2577200e+01   9.5598548e+01   0.0000000e+00
   7.4248691e+01   6.9824571e+01   1.0000000e+00
   7.1796462e+01   7.8453562e+01   1.0000000e+00
   7.5395611e+01   8.5759937e+01   1.0000000e+00
   3.5286113e+01   4.7020514e+01   0.0000000e+00
   5.6253817e+01   3.9261473e+01   0.0000000e+00
   3.0058822e+01   4.9592974e+01   0.0000000e+00
   4.4668262e+01   6.6450086e+01   0.0000000e+00
   6.6560894e+01   4.1092098e+01   0.0000000e+00
   4.0457551e+01   9.7535185e+01   1.0000000e+00
   4.9072563e+01   5.1883212e+01   0.0000000e+00
   8.0279574e+01   9.2116061e+01   1.0000000e+00
   6.6746719e+01   6.0991394e+01   1.0000000e+00
   3.2722833e+01   4.3307173e+01   0.0000000e+00
   6.4039320e+01   7.8031688e+01   1.0000000e+00
   7.2346494e+01   9.6227593e+01   1.0000000e+00
   6.0457886e+01   7.3094998e+01   1.0000000e+00
   5.8840956e+01   7.5858448e+01   1.0000000e+00
   9.9827858e+01   7.2369252e+01   1.0000000e+00
   4.7264269e+01   8.8475865e+01   1.0000000e+00
   5.0458160e+01   7.5809860e+01   1.0000000e+00
   6.0455556e+01   4.2508409e+01   0.0000000e+00
   8.2226662e+01   4.2719879e+01   0.0000000e+00
   8.8913896e+01   6.9803789e+01   1.0000000e+00
   9.4834507e+01   4.5694307e+01   1.0000000e+00
   6.7319257e+01   6.6589353e+01   1.0000000e+00
   5.7238706e+01   5.9514282e+01   1.0000000e+00
   8.0366756e+01   9.0960148e+01   1.0000000e+00
   6.8468522e+01   8.5594307e+01   1.0000000e+00
   4.2075455e+01   7.8844786e+01   0.0000000e+00
   7.5477702e+01   9.0424539e+01   1.0000000e+00
   7.8635424e+01   9.6647427e+01   1.0000000e+00
   5.2348004e+01   6.0769505e+01   0.0000000e+00
   9.4094331e+01   7.7159105e+01   1.0000000e+00
   9.0448551e+01   8.7508792e+01   1.0000000e+00
   5.5482161e+01   3.5570703e+01   0.0000000e+00
   7.4492692e+01   8.4845137e+01   1.0000000e+00
   8.9845807e+01   4.5358284e+01   1.0000000e+00
   8.3489163e+01   4.8380286e+01   1.0000000e+00
   4.2261701e+01   8.7103851e+01   1.0000000e+00
   9.9315009e+01   6.8775409e+01   1.0000000e+00
   5.5340018e+01   6.4931938e+01   1.0000000e+00
   7.4775893e+01   8.9529813e+01   1.0000000e+00
