   1.9643000e+00   4.5957000e+00   1.0000000e+00
   2.2753000e+00   3.8589000e+00   1.0000000e+00
   2.9781000e+00   4.5651000e+00   1.0000000e+00
   2.9320000e+00   3.5519000e+00   1.0000000e+00
   3.5772000e+00   2.8560000e+00   1.0000000e+00
   4.0150000e+00   3.1937000e+00   1.0000000e+00
   3.3814000e+00   3.4291000e+00   1.0000000e+00
   3.9113000e+00   4.1761000e+00   1.0000000e+00
   2.7822000e+00   4.0431000e+00   1.0000000e+00
   2.5518000e+00   4.6162000e+00   1.0000000e+00
   3.3698000e+00   3.9101000e+00   1.0000000e+00
   3.1048000e+00   3.0709000e+00   1.0000000e+00
   1.9182000e+00   4.0534000e+00   1.0000000e+00
   2.2638000e+00   4.3706000e+00   1.0000000e+00
   2.6555000e+00   3.5008000e+00   1.0000000e+00
   3.1855000e+00   4.2888000e+00   1.0000000e+00
   3.6579000e+00   3.8692000e+00   1.0000000e+00
   3.9113000e+00   3.4291000e+00   1.0000000e+00
   3.6002000e+00   3.1221000e+00   1.0000000e+00
   3.0357000e+00   3.3165000e+00   1.0000000e+00
   1.5841000e+00   3.3575000e+00   0.0000000e+00
   2.0103000e+00   3.2039000e+00   0.0000000e+00
   1.9527000e+00   2.7843000e+00   0.0000000e+00
   2.2753000e+00   2.7127000e+00   0.0000000e+00
   2.3099000e+00   2.9584000e+00   0.0000000e+00
   2.8283000e+00   2.6309000e+00   0.0000000e+00
   3.0473000e+00   2.2931000e+00   0.0000000e+00
   2.4827000e+00   2.0373000e+00   0.0000000e+00
   2.5057000e+00   2.3853000e+00   0.0000000e+00
   1.8721000e+00   2.0577000e+00   0.0000000e+00
   2.0103000e+00   2.3546000e+00   0.0000000e+00
   1.2269000e+00   2.3239000e+00   0.0000000e+00
   1.8951000e+00   2.9174000e+00   0.0000000e+00
   1.5610000e+00   3.0709000e+00   0.0000000e+00
   1.5495000e+00   2.6923000e+00   0.0000000e+00
   1.6878000e+00   2.4057000e+00   0.0000000e+00
   1.4919000e+00   2.0271000e+00   0.0000000e+00
   9.6200000e-01   2.6820000e+00   0.0000000e+00
   1.1693000e+00   2.9276000e+00   0.0000000e+00
   8.1220000e-01   2.9992000e+00   0.0000000e+00
   9.7350000e-01   3.3881000e+00   0.0000000e+00
   1.2500000e+00   3.1937000e+00   0.0000000e+00
   1.3191000e+00   3.5109000e+00   0.0000000e+00
   2.2292000e+00   2.2010000e+00   0.0000000e+00
   2.4482000e+00   2.6411000e+00   0.0000000e+00
   2.7938000e+00   1.9656000e+00   0.0000000e+00
   2.0910000e+00   1.6177000e+00   0.0000000e+00
   2.5403000e+00   2.8867000e+00   0.0000000e+00
   9.0440000e-01   3.0198000e+00   0.0000000e+00
   7.6615000e-01   2.5899000e+00   0.0000000e+00
   8.6405000e-02   4.1045000e+00   1.0000000e+00
