1594
28
175
28
908
1096
1930
7
1143
175
7
1536
776
175
788
788
779
7
233
779
509
103
180
1143
788
1096
7
779
175
1096
180
28
1048
1096
1130
779
180
175
1130
779
7
113
1396
7
1106
981
7
28
779
1096
180
1569
1525
423
1045
7
1536
144
180
1130
7
1133
28
779
1396
1536
28
1133
180
1103
535
238
1396
601
28
28
1198
1411
1396
28
2272
788
1529
180
54
7
180
1133
1128
7
509
627
28
404
175
175
1133
7
2082
28
1565
28
28
946
7
1103
1198
7
1106
410
7
780
1476
853
7
779
1198
1198
372
839
64
1775
182
72
298
848
49
1198
28
2082
180
28
7
1501
105
535
28
1565
817
28
1133
1143
28
180
186
2088
411
7
28
7
410
7
175
57
57
1198
180
28
48
48
993
7
175
1375
28
28
72
1169
578
28
1218
28
271
180
1133
7
7
180
72
28
28
1927
28
175
908
1601
1202
7
7
597
853
7
779
726
1424
28
28
779
2214
697
281
28
28
788
7
7
570
1501
15
175
175
175
1198
795
880
54
54
28
998
1124
180
1905
28
908
28
28
180
1273
81
375
64
428
7
7
7
180
1103
410
780
1143
853
28
339
178
28
208
1953
7
180
281
428
951
25
1262
728
964
28
21
341
136
485
535
28
28
28
28
198
1133
908
180
908
767
1501
21
56
175
7
1851
428
127
127
7
376
7
1245
28
678
824
2306
7
28
954
28
7
136
233
7
28
28
38
1223
180
28
81
1198
193
1143
817
919
7
908
198
28
151
296
7
7
7
28
281
728
1992
1045
28
270
1411
57
57
843
180
28
28
1149
7
2
1536
597
109
566
324
2
281
27
28
175
175
697
28
28
306
1177
2339
163
174
1273
708
64
145
908
28
30
954
1262
28
7
1223
7
7
509
7
81
572
2484
7
7
755
163
1106
1128
1045
193
30
7
72
281
30
258
1096
1344
496
7
81
377
693
788
776
1245
200
1412
7
298
1460
103
372
1106
38
281
597
322
517
274
2126
186
238
180
180
7
258
1096
1096
7
2221
60
163
7
2082
908
180
346
330
112
188
7
250
908
127
281
281
1048
1048
779
862
180
531
1096
175
391
1245
28
7
258
258
747
258
585
1106
2464
410
908
908
180
180
64
415
507
28
1130
1045
578
1149
597
1516
1072
83
277
180
180
60
205
779
721
382
28
788
183
28
102
127
1198
1344
30
1015
268
539
7
1130
258
527
7
144
180
64
180
180
200
593
384
64
1130
747
258
509
302
824
406
838
7
292
7
489
15
258
258
258
306
462
67
7
7
67
21
189
7
1043
258
1096
16
1756
7
535
306
1060
769
251
251
539
375
375
597
7
7
7
7
258
1316
1207
180
481
597
174
208
292
923
123
1918
184
81
7
258
28
28
372
1636
1245
1245
28
28
28
7
138
597
555
321
1270
7
4
249
124
324
109
28
28
28
49
779
578
4
7
864
862
21
578
80
597
258
135
895
430
1364
1364
7
193
28
64
180
28
264
931
815
281
281
7
1060
7
1106
964
72
7
1143
36
2132
64
1536
72
908
64
64
1357
1767
1270
1516
127
249
180
747
1045
306
922
292
908
90
28
28
7
839
839
839
536
28
298
30
48
64
7
793
890
7
531
1449
324
183
30
406
21
7
186
193
389
180
572
28
1396
817
776
1106
1460
281
410
7
1607
28
1245
163
120
535
112
174
64
28
28
1992
31
83
28
578
30
64
49
1985
1133
1133
1479
7
7
316
302
853
853
853
853
853
1165
7
895
28
2
1038
2793
28
743
1851
459
572
174
7
7
189
180
217
64
961
971
21
1143
1203
1787
247
1940
426
169
175
28
28
779
779
779
37
7
249
298
180
26
163
236
54
180
1133
1106
303
55
72
72
466
28
7
7
372
144
372
217
5
597
259
103
333
173
597
1149
313
1585
606
152
111
102
102
1577
175
1411
1738
231
223
689
1072
30
1585
1045
1045
1045
859
88
298
7
81
180
28
109
1797
2225
183
750
750
28
63
306
1143
17
180
180
26
180
1218
28
378
7
438
7
28
817
631
7
1544
1249
1
848
697
136
39
1668
1103
575
1007
220
28
443
1
1761
875
7
779
2018
28
875
1905
464
7
1149
7
28
826
182
7
2267
7
563
60
7
207
271
64
28
184
178
81
81
81
205
1971
2214
262
60
697
477
423
849
60
28
180
410
788
28
28
1858
618
39
419
186
127
127
180
186
298
127
180
7
117
1198
127
127
238
54
180
127
127
1376
839
839
28
839
839
2403
306
60
180
609
536
64
104
28
1045
28
28
164
439
1607
1752
512
63
2225
1096
180
180
324
2983
7
908
180
779
28
28
28
1207
2006
175
175
419
38
281
64
263
281
102
28
1752
131
1700
127
127
7
81
183
1411
566
131
72
123
435
55
111
111
102
102
508
1217
102
514
1045
1045
709
2
1301
1301
183
527
122
20
7
1992
776
268
1373
908
236
259
245
72
1671
174
7
908
178
7
26
297
196
174
28
1371
175
302
28
183
776
28
28
28
7
7
37
37
615
615
380
17
566
597
245
180
1970
7
410
626
2035
238
1536
175
72
2
1242
509
281
478
478
163
898
313
111
466
466
1103
28
578
28
64
1700
251
1456
859
767
28
545
578
67
649
175
54
180
180
193
180
127
127
922
1026
2750
981
16
10
83
277
7
21
2
597
908
180
139
200
1761
7
28
2054
1378
466
466
103
466
1060
77
466
72
466
1149
77
1060
458
697
60
7
7
981
981
442
566
618
68
83
1569
1108
436
180
875
67
21
1992
824
324
7
28
10
39
166
224
182
182
578
135
35
102
2524
723
167
113
28
233
1752
1437
264
1607
1607
578
11
28
48
238
186
28
28
28
118
186
7
111
801
535
28
28
2
259
109
147
41
238
173
255
1096
28
310
470
1060
324
7
1191
180
28
7
180
64
288
1060
64
823
721
7
127
697
34
302
302
597
2093
99
1780
720
7
26
7
207
103
1303
550
178
1760
178
528
1386
175
72
233
1096
81
231
81
39
556
35
531
183
507
10
255
779
1207
1623
36
1404
109
795
572
0
49
109
109
83
853
844
1170
1124
606
28
1045
292
618
200
908
298
1485
597
597
49
597
1760
128
216
28
2457
7
180
1
524
26
174
832
7
7
7
60
555
368
109
664
7
90
537
127
908
366
1245
647
1324
1007
64
606
1096
26
575
67
324
1165
509
509
247
740
1421
211
88
67
49
875
234
103
2
456
456
28
7
167
180
180
238
238
238
127
330
68
68
207
180
537
202
297
119
403
2256
48
164
2116
903
627
2702
859
736
1650
1741
250
1678
10
456
28
7
174
689
885
1207
908
1096
6
908
981
531
103
1565
1905
180
180
249
512
249
236
249
249
180
180
7
1234
298
456
908
908
7
221
148
120
1215
2239
180
585
268
37
372
507
28
1593
2054
128
908
7
1245
7
7
28
28
28
349
109
28
28
109
8
175
28
1245
1096
7
2051
2051
28
375
1813
709
302
35
26
232
8
180
1681
4
28
1842
540
109
462
7
34
461
174
1772
1357
28
410
7
109
49
180
127
127
298
207
847
25
468
7
183
634
578
576
456
4
7
7
310
232
264
281
102
544
102
102
102
102
102
102
102
17
862
682
578
7
28
723
17
740
449
109
601
1270
788
473
1114
7
129
723
507
723
723
32
64
1
127
127
127
186
2432
1114
81
1758
560
234
16
779
535
28
180
788
202
697
330
410
7
1479
55
7
127
166
2
2
513
1186
264
7
28
4
436
109
64
23
34
1124
1120
23
1124
259
801
126
183
35
601
537
7
494
63
1
28
105
7
2
28
287
378
7
312
35
264
616
102
102
123
282
618
102
102
102
102
102
102
102
60
2
517
205
0
1042
401
2
582
324
1
726
440
961
7
7
157
21
689
1096
34
251
233
83
436
709
4
1888
57
26
664
83
1953
28
28
496
28
837
7
64
410
839
1424
1378
1536
306
6
109
659
7
1
1
602
26
338
606
998
104
7
7
7
7
7
7
7
211
1218
202
932
1020
470
17
1096
1381
114
237
333
26
28
468
1133
908
908
908
655
738
292
597
597
597
90
1106
7
148
411
772
151
1473
7
965
875
271
302
330
410
109
267
353
2677
410
27
296
7
7
875
1207
163
163
180
908
908
63
7
853
1104
435
1677
1683
60
2864
2050
7
32
63
67
292
159
67
113
64
258
986
1587
843
63
2006
28
2605
7
175
7
559
64
302
1223
1177
1177
1177
81
72
1247
401
401
102
102
1045
324
184
779
38
53
7
64
64
64
1130
1130
1130
1130
1130
1130
88
801
1582
202
64
64
1556
649
38
38
38
38
750
118
102
102
183
102
102
64
15
1316
7
173
435
28
1018
15
123
578
28
28
28
1851
184
251
1064
64
180
51
728
231
2
81
81
726
28
0
258
7
252
163
1536
539
1218
539
1325
0
7
136
302
28
30
30
136
109
1536
1386
7
7
128
7
7
606
507
7
545
184
149
1754
584
1589
2114
649
7
1622
1799
466
925
476
2086
981
163
57
1376
28
1681
697
79
7
322
909
88
249
7
7
183
436
1677
1270
709
139
28
28
22
28
4
246
7
28
7
102
1754
54
236
180
180
298
28
1953
1442
164
127
186
127
127
695
38
127
1133
7
0
447
461
7
566
1536
28
258
28
79
239
1240
174
164
857
429
259
1585
1585
7
7
1147
10
186
431
1072
466
466
72
466
7
7
118
173
7
99
180
1133
7
28
26
109
4
28
2
28
401
572
11
202
21
0
1192
507
1192
540
999
1080
322
264
264
1607
1607
186
172
466
466
281
1
281
102
180
863
10
10
1602
1443
450
147
253
294
310
90
772
102
102
922
109
470
164
7
1411
28
28
28
4
772
2605
111
11
1447
507
371
28
175
28
28
175
28
28
144
4
28
843
28
857
48
333
1
72
1306
1775
1106
1106
90
83
1100
109
1411
922
28
649
779
109
880
1491
1245
7
251
166
83
231
776
853
231
231
239
649
436
297
607
26
353
183
60
164
246
264
23
468
128
186
127
127
908
127
127
908
127
298
35
1
238
186
54
54
1045
180
127
186
238
186
207
1202
28
597
164
1
64
1501
1143
473
537
501
88
2
880
28
28
28
28
281
890
1397
2
2
28
779
1371
147
21
781
28
28
28
28
259
1449
816
410
1449
338
167
64
111
373
414
414
10
805
174
60
196
555
4
142
2107
196
325
249
180
99
819
28
249
249
249
180
249
249
1501
43
166
102
102
919
1234
1775
245
238
435
127
109
1942
122
7
124
79
1
124
124
21
950
28
1326
1183
1501
28
456
456
466
79
541
541
391
1447
1113
7
256
183
306
113
7
7
175
1501
175
123
109
123
263
132
11
468
1585
1585
72
1585
1585
808
114
239
28
574
2
196
72
28
28
28
597
28
102
90
448
28
1245
127
28
1041
4
864
208
1780
776
788
28
28
788
175
175
28
1245
151
376
7
28
1234
1234
1396
7
801
39
478
365
7
1245
880
776
880
7
7
28
28
28
127
28
1072
28
1245
449
1245
28
28
28
28
178
178
1210
211
824
28
302
1512
281
1375
779
1386
410
175
779
779
779
779
776
28
64
964
17
17
48
2
2
2565
325
456
456
7
67
200
1350
1202
525
10
10
210
10
10
639
2431
274
11
375
174
142
1733
4
4
530
1757
1788
205
250
7
174
114
517
737
1673
1184
199
7
7
1133
919
919
1270
1133
1133
30
64
608
1373
908
7
180
249
542
249
249
249
249
249
249
180
249
298
1536
1092
423
1357
79
271
54
180
54
249
2
28
908
298
7
219
7
908
770
922
114
1234
7
102
102
908
109
978
2191
17
102
102
102
473
302
1613
38
808
808
114
908
908
1261
23
601
372
1350
1350
259
244
7
1911
1251
1350
188
72
7
1130
28
1130
1130
776
180
1310
574
803
655
655
585
382
268
556
417
2428
1616
200
927
111
324
147
2
417
1501
216
2006
238
2369
113
357
423
478
1459
270
1143
7
7
908
981
981
981
981
908
981
981
21
981
722
285
695
183
1718
509
7
509
21
7
1308
109
389
978
1381
7
1104
30
30
30
30
824
306
597
109
885
545
178
1130
905
815
883
1261
530
1683
26
842
127
516
1787
180
175
175
175
933
535
28
144
1256
28
1048
28
2232
28
28
175
1072
513
180
191
153
153
724
377
576
1469
520
908
7
37
30
239
1992
578
102
102
102
102
458
504
22
225
281
1
281
338
90
57
57
1
57
57
57
39
1092
26
281
2244
57
167
167
57
57
196
2018
273
127
7
1691
64
1501
709
200
66
109
178
847
22
64
49
998
597
2544
2
932
709
360
28
188
127
54
127
238
1927
2214
1411
1992
11
21
72
1667
72
64
981
880
109
81
11
11
11
266
70
281
281
16
1413
1960
1066
1607
1607
1607
1410
185
531
57
57
1
103
64
295
109
371
371
371
371
371
371
371
48
1361
439
439
109
109
109
37
769
59
456
576
233
113
26
1025
11
299
173
54
54
1
709
383
383
124
160
151
7
4
109
268
281
215
67
127
127
238
1096
28
1316
772
7
223
1536
136
109
109
109
109
1122
28
697
578
178
178
33
220
220
124
251
310
10
1273
155
320
184
22
49
202
509
119
709
939
7
415
53
357
357
7
28
249
249
28
175
28
28
238
68
28
2214
2214
7
389
211
190
35
189
83
404
76
79
1245
183
302
109
296
113
933
998
372
1015
709
2091
746
746
302
675
649
1
896
55
7
281
7
7
495
7
7
1411
28
81
504
252
211
102
102
102
102
102
102
302
225
30
30
7
504
174
174
174
174
174
174
174
174
11
218
1126
281
281
7
1998
2
114
507
507
63
63
1
1
7
1403
340
109
2708
153
1015
825
49
49
178
178
63
302
1978
186
302
81
1668
7
202
536
536
102
28
26
721
102
102
102
102
102
523
124
1826
468
127
127
238
186
238
53
114
81
81
7
81
255
468
1851
1386
788
175
1851
15
781
109
64
124
124
311
1122
183
183
899
180
127
675
112
155
81
816
35
1851
175
849
849
115
1911
2682
2913
1634
264
556
61
242
616
7
566
131
175
1700
1700
616
411
152
1025
1025
64
306
485
1613
196
591
1038
2231
449
449
449
1382
7
188
25
1458
864
2677
1437
324
728
375
728
55
180
252
600
1072
167
1460
1573
125
1317
937
849
1072
1072
2
238
238
180
180
186
238
35
107
7
848
1460
103
128
513
509
4
72
435
1336
415
404
142
172
545
650
545
138
306
320
1501
572
21
1089
36
178
111
279
15
1096
616
302
7
1283
788
1198
1045
1249
545
123
7
7
898
1198
1198
1045
1198
1198
1198
72
1993
2508
981
776
258
7
697
848
298
127
127
207
516
238
186
249
207
186
512
236
127
298
6
6
2808
7
72
258
200
60
37
1
142
1096
180
28
407
2132
1404
7
128
578
7
264
7
793
204
113
533
83
183
202
824
292
306
63
324
2
520
457
67
1038
1597
1168
1396
382
601
915
83
330
1124
178
1157
410
695
1754
1106
273
1042
572
1124
435
178
286
28
111
49
63
1124
998
591
23
487
320
2135
262
35
1109
59
708
1043
274
7
99
102
102
102
102
102
102
102
102
102
102
956
70
330
7
264
102
102
102
102
102
448
4
139
282
596
576
7
117
180
7
1296
7
180
28
28
60
1899
535
779
152
223
292
292
292
159
415
415
415
580
580
443
2
1971
1315
169
848
7
1043
601
183
28
1735
1096
1828
2
2
539
389
250
1192
1
7
1149
91
1754
109
1525
376
450
1512
800
136
175
258
1526
152
83
34
251
1
525
183
28
364
4
7
7
7
509
281
302
28
81
306
10
1479
182
817
182
1
1
1202
1761
134
1029
2094
606
606
296
7
697
27
1516
7
1364
7
1106
450
180
175
7
7
7
7
180
180
180
578
67
1516
504
164
1497
984
7
7
339
7
1218
7
2272
7
1092
670
180
1298
164
79
28
4
779
1828
21
378
2605
1602
1602
7
1552
1162
553
2221
2626
1180
1
1411
1096
26
772
163
1130
848
1940
1106
7
1133
238
28
7
88
1109
259
136
880
233
2221
1536
1536
1536
200
1536
233
466
466
618
207
597
426
12
410
410
7
1700
21
67
67
60
1850
28
1198
102
2578
60
867
178
28
919
410
1956
650
18
410
270
2132
7
330
327
449
7
10
239
1460
1
1700
83
875
864
148
848
2508
112
1058
27
1133
239
1828
1487
377
1282
507
5
1
597
597
597
188
16
541
1261
72
259
259
72
259
767
333
1883
8
11
1103
1501
559
417
2920
153
410
54
1072
11
992
72
779
2150
25
541
1247
174
627
1286
1
597
566
111
28
2325
80
537
7
2
131
28
79
1133
565
109
2302
1550
410
163
7
124
28
662
1245
7
382
303
7
7
509
606
410
27
517
34
28
545
1192
436
1
509
509
77
109
92
753
175
124
436
531
7
57
81
81
772
772
258
11
2000
11
11
11
1410
28
673
1410
287
7
88
54
7
330
259
293
237
213
127
127
54
28
249
298
249
186
186
127
127
127
1052
272
272
272
1092
72
173
85
102
102
7
175
175
238
238
180
186
186
54
180
180
180
207
127
186
127
54
54
249
180
180
697
104
341
7
1512
297
51
51
341
1741
779
178
178
72
536
77
28
7
72
1642
1343
1177
576
2097
626
23
824
7
7
1133
1133
122
1536
1536
1536
7
28
90
819
8
819
994
4
16
77
208
825
507
1638
853
432
946
843
64
376
28
779
174
1146
697
216
513
507
2124
772
182
186
310
163
53
507
1
1130
180
72
164
991
67
79
171
149
545
1517
365
128
186
207
848
186
186
238
127
127
127
238
238
127
7
54
17
120
127
127
180
127
186
186
186
1133
207
127
127
127
238
238
908
238
127
238
238
908
298
1072
280
298
180
180
7
1106
180
180
264
99
341
219
466
1198
73
1143
330
35
111
136
188
187
29
187
12
329
164
324
717
296
202
202
1
131
260
22
541
417
57
90
2188
1048
7
436
64
1602
207
83
302
180
281
281
728
64
2212
2
601
981
7
79
28
164
117
61
68
183
99
1
4
306
28
7
757
905
57
1130
72
2
23
2
981
725
1361
981
376
780
781
55
109
7
7
248
183
839
109
330
60
135
359
541
48
375
375
1067
1960
332
56
56
153
153
288
10
1375
4
7
28
509
11
456
20
20
20
20
20
20
20
20
20
20
20
20
20
20
20
20
456
2246
2138
20
109
2102
109
20
251
251
251
200
200
456
456
456
456
200
200
200
200
200
200
200
153
840
776
649
109
572
1396
178
32
1216
555
306
306
7
28
28
2225
998
90
295
109
83
49
302
306
601
601
776
83
1
123
841
112
41
38
795
1860
7
1
2138
109
109
109
109
591
591
591
591
591
591
591
591
591
591
591
20
20
20
20
20
28
123
840
83
840
842
239
649
57
57
306
1299
239
271
325
520
520
840
80
48
148
109
20
20
20
109
572
173
20
33
2
192
192
403
403
578
578
572
513
109
109
109
109
109
109
109
109
109
109
109
83
83
83
83
83
109
109
109
109
109
109
109
109
109
109
109
4
197
109
779
28
709
190
360
360
360
360
223
28
83
161
750
223
109
112
173
173
112
841
984
112
223
478
45
120
239
109
33
319
33
181
181
181
181
181
181
181
181
181
181
112
112
28
520
223
697
572
572
572
572
83
410
223
112
112
223
578
83
83
83
83
578
173
1378
403
565
1051
402
37
649
2485
270
842
28
57
57
954
306
841
1299
382
632
436
417
2693
223
655
223
112
223
199
109
531
223
223
572
41
41
45
417
565
281
239
267
10
10
10
90
986
1114
45
572
83
83
109
83
83
403
860
510
1098
17
220
21
649
1038
572
572
572
572
259
21
579
0
1361
1361
0
123
123
578
83
83
109
83
556
338
1098
202
841
319
112
83
162
109
572
181
719
181
181
67
67
33
109
109
109
28
842
842
842
18
109
687
109
109
1114
83
21
259
28
83
83
83
83
223
223
28
223
842
181
181
181
33
181
181
181
181
181
109
109
83
215
215
273
28
580
319
433
113
109
109
109
109
109
572
162
83
109
109
33
33
109
109
109
109
109
109
109
109
109
109
109
669
83
83
109
109
109
109
109
83
109
109
2098
83
83
109
109
109
109
202
109
109
109
109
109
109
109
109
109
109
109
109
109
109
109
109
109
109
109
109
109
109
109
83
109
83
109
109
109
109
109
109
109
83
36
109
109
109
109
109
109
109
109
109
109
109
109
45
45
42
42
42
42
109
109
109
109
109
109
83
83
83
83
45
83
109
109
109
109
109
92
83
109
83
83
83
83
83
109
109
109
109
109
109
109
109
109
109
109
101
101
109
109
109
109
650
109
109
109
109
109
41
4
109
109
655
449
26
109
109
12
592
109
109
841
841
841
520
841
109
6
841
841
103
127
127
127
238
186
28
127
238
127
83
83
313
313
313
313
313
313
313
109
2432
1930
183
520
185
520
520
520
520
520
841
185
841
239
747
109
109
109
841
319
274
173
572
572
572
109
109
319
109
109
522
109
572
109
109
572
412
412
412
412
252
264
109
109
109
109
319
572
223
319
319
572
572
410
16
319
173
83
112
83
313
934
1057
274
83
109
109
1057
1057
109
109
33
181
181
181
1213
145
33
33
986
382
509
33
109
669
109
109
109
410
28
60
7
513
21
1468
21
21
531
21
103
485
103
1
21
324
64
64
7
330
200
531
21
21
2316
296
1930
1786
60
102
109
720
986
91
178
109
220
1433
1433
1433
192
130
621
578
199
199
578
102
157
401
390
2096
199
88
2035
37
1380
1235
1849
1100
719
435
819
109
173
1364
703
1
1456
862
862
264
1213
1213
423
28
880
880
880
7
1927
109
21
173
37
7
70
57
70
28
545
330
57
281
166
7
354
67
1123
147
109
82
1102
1080
58
58
109
109
109
109
853
1528
109
531
403
410
1114
195
1995
28
429
159
108
48
1
572
991
424
1157
83
19
109
98
2868
73
608
608
934
494
537
63
1
2
375
1271
998
369
60
70
28
28
102
127
908
298
298
238
908
1411
238
1447
433
85
572
458
281
936
279
178
2299
38
1
423
109
234
475
28
1357
173
11
173
180
7
109
776
410
28
28
195
102
276
1245
1245
1536
1536
572
1117
783
109
28
1092
102
102
102
2604
58
58
541
306
779
63
217
0
21
21
21
109
83
83
21
105
1526
180
207
630
53
1908
970
251
754
754
68
56
271
184
478
732
504
83
83
754
754
754
754
754
754
754
754
754
754
754
754
754
754
754
754
754
754
754
754
754
754
754
754
754
754
754
7
7
415
7
2339
64
647
123
81
418
418
1525
522
799
180
7
1245
208
2083
132
517
424
682
1472
1472
123
30
7
864
109
7
1930
109
826
300
521
521
174
2
416
109
27
7
213
273
23
83
572
19
1113
1
202
580
1
1
7
123
1315
1015
58
83
1828
196
1133
1133
7
1775
7
109
109
1103
183
164
1072
616
0
1123
1
77
1622
1622
625
625
1831
183
616
4
60
109
329
1268
1268
28
183
7
28
183
832
832
28
109
26
908
1483
7
7
131
7
495
1142
597
597
38
1
64
188
85
2048
2048
2048
28
831
1106
9
109
31
26
26
772
151
160
2457
298
934
1
195
118
202
27
183
250
1
250
755
72
1746
183
465
250
292
90
1123
15
11
63
681
306
230
72
435
72
1046
456
456
456
456
456
178
605
1081
2212
109
326
109
109
326
272
28
430
430
123
123
57
1985
1207
56
468
1479
180
1985
1103
238
908
908
908
908
7
1143
908
172
109
109
1223
631
883
883
905
1501
130
21
184
545
487
627
312
23
616
306
306
597
450
128
23
7
180
180
180
180
180
7
1218
180
7
7
180
27
7
756
756
7
163
163
256
2059
499
572
940
109
1361
740
740
178
58
21
1476
252
191
92
52
78
241
31
334
334
64
1095
1095
1250
545
113
250
11
4
109
363
1
27
57
57
91
720
278
1594
15
15
278
278
15
15
272
2
4
121
15
2
104
966
1594
315
790
790
15
283
1594
278
272
790
43
121
2229
1553
700
2
272
1086
1553
95
651
248
248
248
248
248
248
248
248
248
248
248
248
248
248
248
248
248
248
248
278
15
15
43
95
43
65
161
95
15
43
43
818
15
272
966
95
95
651
362
966
121
966
362
121
272
121
966
121
685
272
1425
15
43
121
95
95
43
43
43
43
43
43
43
43
95
15
43
43
43
43
43
43
43
95
790
278
278
262
1808
15
272
276
121
121
2
164
164
486
43
43
43
2
517
517
517
517
517
517
517
15
790
278
2
272
2
164
2
790
248
1190
248
272
790
272
164
2229
2229
2229
1145
43
43
15
15
43
283
21
164
283
581
15
283
278
283
491
532
517
43
700
4
517
638
651
818
651
15
283
790
283
43
43
1553
152
272
15
272
15
15
15
15
15
114
790
15
15
15
272
43
2
2
517
517
517
95
651
790
121
1070
121
651
283
121
272
15
121
826
276
2
15
283
2
2
15
272
201
790
651
272
272
283
121
272
15
790
790
15
790
2
278
790
790
227
15
15
283
283
283
283
95
201
157
39
357
39
357
123
357
102
159
316
316
2
289
312
312
312
175
100
32
136
32
19
19
192
192
192
192
192
192
192
192
192
155
12
1124
614
520
661
661
661
661
661
661
661
661
661
661
661
661
1957
522
1120
63
63
8
63
150
19
19
19
576
446
536
219
1515
661
661
661
661
661
661
661
661
661
661
61
61
61
79
79
740
1510
1120
115
752
85
85
150
150
17
79
79
360
456
113
553
79
456
456
79
79
360
360
79
79
752
79
79
360
79
360
79
360
774
134
133
133
63
63
37
138
372
79
701
63
145
79
51
138
79
312
181
181
79
553
79
360
553
98
17
134
79
553
21
553
553
79
79
360
79
105
647
151
546
19
19
923
1
2360
83
208
71
20
71
412
111
552
572
1169
1169
1169
412
64
20
133
744
412
799
799
499
106
106
319
58
61
111
106
94
94
113
113
389
389
864
895
1124
15
45
150
150
92
150
85
58
58
148
148
11
94
33
159
159
159
61
17
355
1213
11
1213
1213
709
49
327
76
76
138
1213
1
327
1213
1213
1213
2078
1213
1213
63
111
94
94
312
138
1441
312
312
312
113
221
221
221
221
221
221
8
815
306
306
647
221
123
1
108
858
373
373
373
138
523
45
861
861
420
1157
37
726
2649
150
150
150
150
710
73
113
221
221
647
151
151
647
33
1
48
401
401
647
237
237
237
24
67
45
95
412
111
319
890
890
864
23
1861
203
1169
1169
133
15
803
15
198
155
57
1441
162
701
162
262
221
221
151
151
151
151
151
151
108
164
94
858
1202
627
728
23
23
23
58
568
586
21
111
894
111
118
274
113
234
1939
647
106
17
214
57
546
17
133
203
61
6
61
61
61
111
181
129
121
389
17
159
799
159
147
159
159
159
159
159
159
159
1771
159
2253
687
94
553
113
113
251
234
1202
373
1518
41
41
6
151
151
151
151
2167
21
181
69
154
20
2292
37
726
37
312
150
18
11
95
95
95
6
1551
657
95
201
274
151
21
151
151
151
121
121
121
121
453
532
532
532
38
61
26
150
150
151
61
58
58
58
61
69
36
9
111
101
290
701
214
214
214
214
214
214
214
214
214
214
214
214
214
214
214
214
214
214
214
214
214
214
214
214
214
214
214
214
214
214
214
214
647
647
647
627
627
59
26
61
61
61
85
150
61
61
150
150
300
161
161
161
33
416
416
416
416
17
9
133
133
312
312
312
141
141
95
95
15
267
63
701
24
24
57
51
138
147
113
251
456
24
1957
1957
1408
1804
147
63
553
18
184
561
267
64
263
138
105
98
602
827
239
312
552
86
20
203
111
61
61
61
61
61
58
61
58
58
58
58
58
58
58
61
61
61
58
58
61
61
58
58
58
58
58
61
58
111
61
676
676
676
389
154
154
173
18
111
267
128
366
760
760
1248
280
280
280
280
2512
2512
123
317
123
18
62
62
62
62
62
62
62
62
52
46
46
46
46
62
62
62
62
46
38
17
6
17
17
819
17
17
17
6
17
98
113
113
433
63
50
824
824
647
151
602
647
92
488
373
2524
61
61
45
45
45
45
214
150
150
66
106
18
1365
150
1365
15
1447
319
1138
113
85
85
150
150
150
150
150
61
61
61
150
85
113
602
357
357
85
895
895
85
85
85
148
2
15
262
262
651
113
237
294
40
121
121
121
121
121
121
167
568
23
707
586
1605
154
412
412
18
18
18
18
412
164
106
412
412
36
412
875
134
58
61
319
111
191
61
61
113
433
58
58
786
412
412
412
412
412
412
412
711
412
2131
412
150
94
94
94
42
134
159
134
499
159
1127
159
159
1127
585
300
63
509
909
602
803
15
194
194
647
602
194
150
150
150
194
15
85
85
194
194
194
150
150
85
251
85
85
85
111
457
457
457
85
85
85
85
85
85
85
85
647
519
362
416
416
416
416
416
416
416
4
33
134
17
416
1578
134
357
150
150
312
312
141
141
119
150
26
95
15
15
105
105
267
358
24
24
1518
234
1735
133
129
476
476
220
408
456
898
840
1957
1957
105
263
389
263
95
1480
1480
1186
1186
33
875
111
121
85
290
290
111
85
139
1
1
182
1
556
57
57
1
556
145
556
57
57
123
123
310
339
267
1
317
317
1
1
1
338
150
85
150
150
150
194
390
390
202
23
416
416
416
106
106
106
111
106
113
113
389
909
1250
79
996
85
85
191
57
57
123
57
123
1124
161
1346
95
95
36
95
63
21
59
161
150
509
168
41
134
682
194
194
202
319
194
194
194
194
194
194
194
194
194
194
194
194
194
112
416
416
416
11
94
94
561
138
18
828
154
272
20
61
15
15
895
83
274
42
105
274
711
45
194
194
194
290
711
803
15
707
707
15
792
131
15
248
15
248
15
248
15
792
422
416
416
799
416
416
416
82
70
57
133
136
373
136
233
478
141
258
164
136
136
136
109
942
815
136
136
136
136
281
258
442
815
109
67
442
733
136
136
258
1693
109
442
136
281
217
63
2239
509
509
76
1250
76
64
113
2198
234
234
57
57
57
202
202
133
57
51
4
113
456
104
123
1250
24
2091
119
365
1250
211
194
58
109
785
785
785
290
36
17
290
290
194
194
111
433
290
290
412
412
290
154
290
290
290
786
1542
357
317
99
279
139
106
106
113
113
509
1060
113
113
433
433
64
123
707
785
785
20
289
300
39
139
41
43
1976
59
785
145
682
785
785
785
1640
785
785
785
785
785
785
71
69
121
121
290
290
290
290
572
41
895
26
26
1976
785
785
785
20
477
41
21
24
151
785
785
785
785
651
586
274
274
287
14
16
16
16
16
121
16
16
16
16
16
416
365
365
416
416
416
416
416
416
416
365
882
416
1428
373
194
194
1441
478
1441
95
1939
95
105
105
365
105
16
365
1157
113
10
37
124
726
726
37
416
416
24
840
438
108
234
1441
1202
138
11
586
586
416
701
649
649
26
19
19
19
8
8
98
98
70
109
2003
2003
19
2003
106
290
148
17
290
290
17
290
290
290
290
17
95
95
290
492
58
194
319
1635
194
191
150
150
194
94
111
33
1635
150
786
786
412
290
290
412
412
290
786
290
235
290
412
412
412
412
614
148
15
15
17
17
412
412
440
1057
1057
1057
412
412
707
412
1057
412
1057
1057
1057
1057
1771
412
546
147
1640
106
319
94
94
111
94
141
389
389
133
43
412
412
1057
1057
1250
2257
114
37
2003
2003
785
785
785
2003
41
151
41
41
41
41
41
41
41
41
41
41
41
41
41
41
41
41
41
41
41
41
41
41
41
41
41
41
41
41
41
41
41
41
41
785
194
194
211
97
194
194
194
194
194
701
986
572
864
151
647
647
819
1060
148
572
1237
15
818
416
416
416
147
6
159
159
159
17
416
290
1771
17
98
98
98
98
98
98
111
98
98
94
292
312
141
478
858
509
509
509
1447
113
1250
105
701
827
645
840
1518
164
57
57
57
1623
121
1441
1441
339
1202
373
76
185
4
290
786
786
98
98
647
151
401
74
647
1518
1661
1661
1661
1661
71
319
191
194
194
99
99
99
99
63
147
106
106
106
106
106
94
94
389
92
1019
280
357
249
15
291
94
95
15
6
1040
6
113
161
895
202
11
1720
26
1299
2360
864
1172
33
723
82
478
138
858
1650
104
818
1159
151
113
579
10
37
37
63
37
164
234
108
234
294
234
94
40
76
858
372
258
138
586
164
1689
324
115
211
70
36
105
105
1499
15
33
376
221
133
133
133
133
274
192
466
133
133
201
201
864
412
36
968
201
864
61
294
15
57
248
2543
1360
85
651
1635
817
94
94
892
808
181
181
255
15
1019
9
113
113
1447
21
701
164
164
676
202
312
647
151
26
1
1
1
1
376
106
15
103
201
201
201
201
201
201
201
201
201
164
113
201
201
412
199
711
1057
201
296
520
202
17
134
134
134
134
113
21
15
15
86
274
95
95
95
416
416
201
1441
1138
1441
1060
113
1138
23
647
94
94
572
1
57
108
121
121
121
121
1441
858
122
1
748
266
453
79
586
38
151
58
21
21
21
23
23
17
98
98
290
99
99
99
149
111
94
182
99
338
968
466
457
625
625
625
625
625
625
625
625
625
625
625
625
214
214
214
214
214
214
625
625
625
625
625
625
625
625
625
625
113
113
113
113
113
113
113
61
61
625
625
625
625
625
625
625
402
86
625
625
625
625
625
625
625
94
94
625
625
625
625
625
1346
50
94
82
214
214
134
164
818
701
509
427
427
221
427
427
427
427
427
151
291
164
164
164
121
627
1202
627
312
474
446
79
486
201
201
201
201
201
875
248
486
104
49
104
201
201
201
201
201
201
201
201
201
213
2
885
201
201
893
201
201
201
164
164
201
875
1201
578
296
164
213
213
213
213
1402
1402
201
104
23
201
201
164
201
201
569
114
201
11
1573
1997
701
4
11
11
416
416
416
1152
416
20
18
361
361
274
178
274
178
148
1092
259
178
178
178
178
178
178
40
148
703
43
43
703
161
975
435
138
803
553
15
38
218
248
218
15
248
68
553
248
272
2012
808
720
2509
747
45
154
45
45
45
36
209
498
498
71
36
17
403
71
71
20
447
17
36
975
194
40
40
40
417
586
586
586
586
329
14
161
161
161
161
697
651
94
43
44
491
685
1805
1805
329
1755
1092
162
373
312
438
570
214
214
1047
263
1047
2749
1362
748
272
748
373
373
1027
312
312
312
20
20
302
479
74
737
1766
486
164
164
164
40
814
276
54
9
9
1494
1494
975
614
94
94
312
141
65
65
65
425
373
1900
748
748
748
591
361
361
576
357
246
70
401
401
2193
109
109
109
65
65
425
425
90
138
138
138
138
138
138
138
138
138
138
138
138
1805
1805
1805
413
614
4
538
614
14
737
729
14
1028
1049
593
690
486
1049
486
17
164
164
164
474
70
377
377
223
435
297
525
15
15
15
15
956
206
975
561
729
729
729
561
40
40
483
1360
248
248
27
248
578
1553
1553
572
373
532
15
12
576
2301
15
211
203
111
121
929
929
929
1561
546
561
0
7
419
416
618
684
656
923
1481
1401
428
109
792
792
792
15
792
754
696
15
1562
153
153
279
145
153
139
139
145
28
553
211
1764
14
439
439
38
121
121
121
14
14
614
737
353
219
74
614
813
74
17
262
11
138
506
14
258
43
43
43
43
43
43
43
161
43
362
43
43
95
43
651
43
43
43
43
43
43
43
161
161
95
43
26
29
9
1040
1040
121
164
11
40
40
94
747
1777
1427
10
365
194
614
929
40
215
26
201
201
201
201
201
40
40
40
40
14
14
14
121
532
960
532
532
532
960
532
532
960
532
960
532
483
532
570
274
710
1100
330
204
1718
1212
574
361
361
361
14
40
2225
530
121
2
18
18
42
8
8
106
9
0
161
26
26
14
651
651
2336
614
361
296
178
15
15
15
15
15
15
15
349
248
248
248
15
248
248
248
15
15
15
15
15
15
15
15
15
15
15
15
15
15
15
15
15
15
1279
1279
15
15
15
15
1279
1279
15
15
15
248
248
248
248
15
15
15
15
15
703
703
248
248
248
248
248
248
248
651
63
851
201
201
94
157
157
583
1755
2004
233
233
1658
1658
200
136
466
372
200
2004
200
233
233
233
372
428
372
428
425
43
43
1070
1379
1379
840
324
94
1379
601
1379
550
457
449
8
449
1089
546
546
11
11
11
1764
63
348
163
357
357
357
357
357
357
357
357
357
357
113
563
478
1026
272
15
272
68
1089
121
214
362
281
1081
10
556
398
312
975
1435
1435
1639
1081
60
2038
203
368
483
1936
1023
420
420
420
1009
1693
1023
1412
437
951
1299
1226
1425
486
486
1997
1
223
4
4
4
4
4
4
281
4
121
121
638
121
121
362
1349
1403
2052
569
975
320
17
74
17
17
851
74
74
361
74
74
74
373
483
373
373
373
373
121
63
63
344
152
8
8
201
77
274
21
21
74
74
74
74
74
91
1033
15
248
248
15
15
15
15
15
15
15
15
15
15
15
15
15
15
15
15
15
15
15
15
15
15
15
15
15
15
15
15
15
15
15
15
15
15
15
15
15
15
15
15
15
15
15
15
15
15
15
15
15
15
15
15
15
15
15
248
43
15
15
95
15
43
15
248
15
15
248
15
4
15
248
15
15
15
15
15
15
15
15
15
15
15
15
15
15
15
15
15
15
15
15
15
15
15
15
15
15
506
40
361
248
248
248
248
248
15
15
15
4
15
15
43
43
43
43
248
248
248
553
248
248
248
248
248
15
15
15
15
15
15
248
248
43
43
803
15
161
43
803
15
464
464
90
18
1820
44
878
123
340
1037
1037
33
254
254
254
254
254
78
78
78
792
43
43
43
43
1955
43
95
16
274
700
700
1195
700
700
700
208
700
1341
700
700
700
162
162
1228
464
464
703
792
162
162
43
43
43
43
43
15
43
43
43
43
43
43
43
43
15
43
44
44
44
44
44
44
44
44
44
44
44
44
44
44
44
44
44
44
44
44
44
44
44
44
44
44
44
44
44
44
44
44
44
44
44
44
44
44
44
44
44
44
44
44
44
44
44
44
44
44
44
44
44
44
44
4
44
272
328
685
74
74
803
803
162
1135
121
478
43
44
14
596
596
452
11
263
74
17
972
972
923
254
211
638
2013
916
442
1318
51
51
51
51
51
51
51
51
408
1553
855
219
219
219
219
219
257
676
141
676
676
442
102
1233
1233
1233
1233
1233
1200
131
131
104
131
45
121
121
74
141
141
614
214
214
214
214
214
214
214
214
916
916
996
1499
1499
1499
546
230
1499
1499
113
478
1162
425
425
425
425
425
425
425
425
425
373
373
425
425
373
373
373
373
425
425
65
65
65
65
65
65
65
8
522
161
161
161
1390
795
795
795
795
795
1060
113
113
795
795
795
795
389
795
113
113
113
161
251
795
795
795
795
113
404
1211
389
113
795
113
77
389
113
795
795
795
113
113
113
113
113
262
262
113
795
251
251
113
795
795
795
795
1211
795
607
251
795
795
389
795
262
161
4
161
113
795
795
389
237
262
113
113
113
113
113
383
383
113
795
113
795
717
113
113
389
389
113
113
237
262
135
1211
138
389
1718
113
389
113
237
795
795
795
237
389
113
161
4
4
256
77
77
237
383
383
795
795
433
262
262
113
113
113
1052
113
795
113
389
237
113
389
389
113
113
113
113
113
113
113
113
795
113
389
389
389
383
389
4
237
113
389
161
161
208
4
4
389
389
389
795
237
262
113
113
251
113
262
77
1211
805
40
44
44
59
80
59
107
59
40
9
40
1500
1500
2322
607
607
607
297
297
832
832
44
1100
1100
1100
721
200
435
546
64
64
64
64
64
64
94
1136
40
40
40
40
40
40
418
254
32
254
78
418
418
795
496
496
328
65
176
40
1620
65
43
160
54
152
11
11
127
186
219
238
127
127
186
238
127
298
238
127
298
127
121
162
65
65
59
418
40
1468
8
1251
676
1251
747
758
357
357
39
357
401
357
276
703
496
631
8
418
90
43
43
386
361
661
661
1601
72
66
66
66
631
452
855
15
161
79
79
79
79
79
79
79
183
106
83
44
44
44
44
44
44
44
44
44
44
44
44
44
44
44
44
44
44
44
44
83
136
83
83
43
40
703
95
95
95
95
95
95
262
95
95
11
95
11
491
11
121
262
95
11
121
95
95
95
11
95
95
95
758
546
530
421
72
72
361
72
72
72
72
1
72
72
738
627
454
161
40
44
178
178
109
178
747
747
178
1100
178
178
178
435
455
455
7
455
455
455
455
455
455
758
121
49
63
74
758
1310
233
109
1100
251
651
610
1326
63
111
178
233
111
233
111
178
178
178
111
233
233
23
64
11
651
178
63
63
178
109
109
49
109
109
136
178
109
233
49
109
109
233
233
111
233
111
23
67
109
63
357
233
109
198
109
83
357
200
83
63
83
136
63
109
49
109
233
34
83
83
63
23
63
83
178
233
178
357
109
357
435
83
34
40
736
758
40
947
947
947
947
947
947
1477
190
538
758
8
673
393
8
8
758
758
74
758
758
758
676
814
15
15
396
396
396
396
121
4
4
340
747
178
178
986
986
738
405
651
121
651
121
121
109
249
249
59
747
233
601
178
104
104
297
256
343
343
248
1255
1067
983
983
256
83
83
1100
1100
63
37
63
37
63
37
37
178
233
233
233
601
83
136
83
435
83
83
263
296
111
83
111
178
233
83
824
1765
292
292
292
109
83
8
178
1100
233
178
360
213
213
292
83
213
121
1764
851
15
15
43
15
177
233
233
2392
686
686
686
2251
214
214
214
214
214
214
214
214
214
214
214
214
214
214
214
214
214
214
214
214
636
636
636
676
676
676
676
214
135
214
922
233
601
152
428
49
152
49
922
152
435
63
49
922
922
1025
152
270
152
915
49
219
219
357
357
219
219
219
219
152
219
219
219
219
219
219
219
919
922
63
915
922
152
152
152
39
601
103
357
198
435
49
152
219
428
152
608
1100
63
63
726
37
63
138
707
233
601
572
83
111
109
152
572
49
63
49
964
23
103
83
251
2225
148
368
49
1126
63
1126
1658
37
83
429
103
922
63
37
23
572
63
63
63
37
37
37
37
922
111
37
270
233
49
83
63
178
109
922
233
148
49
601
601
700
700
700
152
572
23
178
63
964
915
23
109
63
37
919
233
233
915
438
37
109
63
922
63
37
109
152
198
152
1681
49
63
63
37
63
224
49
178
233
109
178
233
49
63
726
109
109
63
233
233
63
233
726
37
37
28
63
707
213
109
49
138
601
1126
1126
1126
49
23
109
63
270
37
63
10
109
49
49
49
49
1100
109
6
6
17
17
17
9
15
418
361
56
58
25
1382
1382
1382
499
499
701
1382
185
40
40
49
1015
342
526
526
65
262
278
526
361
361
361
361
747
121
121
121
67
67
1789
157
929
747
929
929
138
138
138
77
44
474
9
95
340
105
968
1616
20
16
306
26
747
95
95
151
151
647
279
268
700
342
67
23
790
1255
90
123
152
408
408
747
283
210
16
57
7
7
26
26
26
181
638
748
703
1255
303
64
576
576
576
157
95
95
576
276
110
110
15
121
40
747
38
38
193
28
44
283
79
113
113
113
1060
113
251
251
251
113
113
113
1060
251
268
67
929
929
9
1009
353
681
51
51
59
80
80
80
80
80
80
59
59
76
336
80
328
328
328
328
59
59
59
59
59
59
59
59
59
107
51
51
51
51
51
51
51
151
151
151
59
107
44
107
107
107
107
59
151
28
747
44
44
136
95
574
1374
1374
43
43
43
43
43
43
43
43
43
219
100
554
14
15
15
15
14
530
151
307
121
121
121
121
121
121
121
121
121
121
121
362
121
362
121
121
121
121
121
121
121
362
121
121
362
121
23
466
466
466
466
121
121
466
109
466
121
121
676
1379
8
8
747
747
747
8
11
65
35
2013
610
22
22
1
48
7
95
432
779
15
119
651
651
651
651
4
4
651
651
651
208
4
651
651
15
15
15
15
15
11
373
15
15
15
1978
15
15
15
15
15
15
15
362
15
76
151
76
76
76
15
1749
576
148
148
148
148
367
157
576
1100
39
17
576
157
742
38
95
95
95
95
95
53
38
723
202
492
1
1
1
1
144
1
264
20
20
20
1045
76
1097
737
15
15
76
15
15
127
285
569
361
703
44
44
44
44
44
44
44
44
44
44
44
44
44
44
461
452
585
585
8
638
51
59
59
41
74
157
157
72
527
121
121
121
95
252
95
95
108
815
121
121
121
121
272
272
76
42
42
42
452
1081
690
561
161
181
1211
44
596
70
210
141
1324
83
413
570
49
952
952
104
104
104
104
76
418
2666
2666
2666
2666
418
418
312
348
10
281
312
37
752
792
792
792
294
138
138
138
138
138
76
219
74
59
681
380
380
1515
20
20
20
9
6
6
6
84
98
114
32
555
78
1248
116
459
116
459
116
1647
116
116
1647
116
116
116
116
116
116
116
116
116
1759
69
69
98
69
17
43
827
10
37
253
253
253
253
19
686
1081
9
361
720
361
353
29
361
1081
361
132
63
63
63
63
621
3
3
29
3
280
280
250
42
1110
29
3
29
158
199
199
988
988
228
170
228
170
50
988
170
170
29
158
158
3
1092
3
609
187
29
158
3
609
609
29
301
301
301
187
187
29
158
3
187
20
20
20
353
3
1494
301
29
3
584
935
301
84
84
1422
3
1018
1018
361
361
79
127
3
3
361
361
151
151
151
336
31
47
151
151
151
151
151
151
151
151
151
151
151
151
151
151
151
262
51
121
130
116
302
28
629
253
9
15
248
248
248
15
15
15
15
248
248
248
248
248
15
248
15
15
248
15
15
248
248
278
15
703
15
248
108
108
47
97
737
737
618
29
3
187
1220
29
1100
8
187
12
19
29
29
187
187
1536
3
29
187
187
861
128
861
861
73
82
3
233
104
1491
750
69
69
69
69
69
69
69
158
629
20
900
861
861
383
27
429
32
62
62
561
253
1009
61
69
61
971
61
861
861
830
315
283
370
62
170
61
61
58
61
3
62
86
76
489
479
489
858
607
607
607
607
607
17
119
900
861
234
368
4
900
27
610
443
443
486
132
518
266
900
119
793
310
486
366
174
761
486
486
486
273
273
2
793
81
165
560
693
900
900
219
10
104
104
793
310
50
170
75
29
69
69
69
69
69
69
1384
75
4
64
75
333
75
75
75
75
75
75
75
75
75
73
75
75
75
75
75
75
73
75
22
64
73
75
75
75
75
75
75
75
75
75
75
75
75
75
75
75
4
4
75
64
75
75
75
64
622
23
23
31
455
23
429
374
15
15
1603
1603
1603
1603
806
554
554
554
554
554
421
6
9
307
119
260
119
119
119
197
138
242
772
10
23
605
1145
596
1434
189
1434
554
3
1015
1015
344
1015
69
69
69
69
69
69
23
1041
51
51
29
19
19
45
45
45
17
80
80
80
80
80
80
80
80
80
80
80
80
80
80
80
80
80
80
325
1445
29
3
29
3
3